0
6
7
13
20
21
22
23
24
27
33
34
36
37
47
50
51
52
53
56
59
79
81
83
84
85
88
89
90
92
94
95
137
138
139
140
141
144
145
147
148
216
221
229
231
233
234
237
240
241
244
245
246
247
250
251
255
263
265
266
268
277
341
343
345
349
354
357
358
359
360
361
363
365
368
371
372
374
509
513
514
515
518
519
520
524
526
528
529
531
532
536
538
539
541
542
543
544
545
546
548
551
555
557
560
561
562
569
570
572
575
581
583
584
585
597
607
825
826
829
832
835
837
838
840
844
845
848
854
855
857
858
860
864
867
868
871
875
881
884
885
886
889
898
899
900
906
908
909
911
912
925
928
936
937
947
948
1276
1280
1284
1289
1290
1298
1299
1303
1306
1307
1308
1312
1319
1320
1328
1329
1330
1331
1334
1340
1341
1343
1353
1356
1361
1362
1364
1374
1376
1378
1380
1381
1390
1402
1412
1419
1431
